 272 0
   7 36
   7 3
   7 143
   7 116
   6 668
   6 47
   6 275
   6 208
   6 200
   6 196
   6 188
   6 174
   6 155
   6 154
   6 108
   5 95
   5 94
   5 561
   5 492
   5 414
   5 41
   5 34
   5 30
   5 286
   5 278
   5 266
   5 26
   5 25
   5 223
   5 221
   5 215
   5 202
   5 193
   5 192
   5 186
   5 179
   5 178
   5 159
   5 153
   5 150
   5 140
   5 139
   5 134
   5 127
   4 92
   4 817
   4 776
   4 757
   4 711
   4 686
   4 636
   4 618
   4 600
   4 55
   4 49
   4 436
   4 43
   4 296
   4 290
   4 29
   4 284
   4 280
   4 279
   4 270
   4 249
   4 245
   4 242
   4 235
   4 22
   4 219
   4 212
   4 211
   4 210
   4 209
   4 205
   4 201
   4 185
   4 181
   4 177
   4 172
   4 170
   4 157
   4 146
   4 145
   4 141
   4 135
   4 1336
   4 1300
   4 1275
   4 1264
   4 120
   4 105
   4 102
   4 100
   3 99
   3 97
   3 965
   3 96
   3 956
   3 921
   3 885
   3 836
   3 813
   3 80
   3 8
   3 789
   3 782
   3 764
   3 741
   3 72
   3 699
   3 697
   3 682
   3 680
   3 671
   3 670
   3 661
   3 654
   3 648
   3 606
   3 596
   3 593
   3 578
   3 57
   3 562
   3 553
   3 531
   3 512
   3 48
   3 472
   3 463
   3 441
   3 44
   3 401
   3 4
   3 39
   3 372
   3 37
   3 351
   3 343
   3 342
   3 337
   3 33
   3 326
   3 309
   3 308
   3 300
   3 291
   3 288
   3 269
   3 264
   3 261
   3 256
   3 254
   3 252
   3 250
   3 246
   3 244
   3 237
   3 2343
   3 233
   3 23
   3 227
   3 225
   3 224
   3 222
   3 216
   3 204
   3 191
   3 187
   3 1852
   3 180
   3 1790
   3 1760
   3 173
   3 171
   3 166
   3 1622
   3 162
   3 160
   3 16
   3 158
   3 1545
   3 152
   3 149
   3 148
   3 147
   3 144
   3 142
   3 136
   3 1350
   3 126
   3 1254
   3 125
   3 123
   3 122
   3 12
   3 1197
   3 1107
   3 1096
   3 109
   3 1074
   3 1072
   3 106
   3 1003
   2 997
   2 993
   2 992
   2 990
   2 985
   2 981
   2 977
   2 964
   2 961
   2 953
   2 948
   2 946
   2 943
   2 940
   2 93
   2 928
   2 918
   2 914
   2 912
   2 906
   2 900
   2 897
   2 893
   2 890
   2 888
   2 867
   2 866
   2 865
   2 86
   2 859
   2 857
   2 852
   2 84
   2 837
   2 833
   2 831
   2 83
   2 823
   2 808
   2 806
   2 801
   2 800
   2 791
   2 786
   2 770
   2 768
   2 763
   2 760
   2 756
   2 755
   2 750
   2 75
   2 748
   2 746
   2 744
   2 743
   2 737
   2 729
   2 727
   2 714
   2 713
   2 703
   2 701
   2 691
   2 69
   2 688
   2 68
   2 674
   2 656
   2 646
   2 64
   2 63
   2 626
   2 624
   2 623
   2 622
   2 621
   2 614
   2 604
   2 603
   2 60
   2 598
   2 594
   2 59
   2 583
   2 579
   2 571
   2 570
   2 566
   2 557
   2 546
   2 544
   2 542
   2 540
   2 539
   2 535
   2 533
   2 532
   2 526
   2 525
   2 52
   2 504
   2 500
   2 498
   2 495
   2 457
   2 455
   2 454
   2 453
   2 452
   2 449
   2 443
   2 439
   2 435
   2 430
   2 428
   2 424
   2 422
   2 421
   2 420
   2 418
   2 409
   2 402
   2 396
   2 395
   2 383
   2 380
   2 38
   2 379
   2 373
   2 369
   2 364
   2 362
   2 356
   2 354
   2 350
   2 35
   2 345
   2 338
   2 3329
   2 3316
   2 330
   2 328
   2 322
   2 32
   2 318
   2 315
   2 312
   2 31
   2 299
   2 2959
   2 292
   2 285
   2 2834
   2 274
   2 273
   2 2708
   2 27
   2 2659
   2 265
   2 2645
   2 260
   2 259
   2 253
   2 251
   2 2501
   2 2494
   2 2479
   2 247
   2 241
   2 2403
   2 2399
   2 239
   2 238
   2 2375
   2 2371
   2 236
   2 234
   2 2332
   2 2330
   2 2322
   2 2320
   2 2308
   2 230
   2 2296
   2 229
   2 228
   2 2212
   2 2203
   2 2183
   2 217
   2 2152
   2 2145
   2 214
   2 213
   2 206
   2 203
   2 2011
   2 199
   2 1982
   2 198
   2 1978
   2 197
   2 1921
   2 1919
   2 1880
   2 1861
   2 1860
   2 1859
   2 1842
   2 184
   2 183
   2 1822
   2 182
   2 1787
   2 1780
   2 1779
   2 1775
   2 1774
   2 1759
   2 169
   2 167
   2 1657
   2 165
   2 164
   2 163
   2 1610
   2 161
   2 1599
   2 1597
   2 1593
   2 1566
   2 1562
   2 1530
   2 1525
   2 1509
   2 15
   2 1491
   2 1471
   2 1454
   2 1449
   2 1370
   2 1366
   2 1355
   2 1348
   2 1347
   2 1338
   2 1326
   2 1320
   2 1318
   2 131
   2 130
   2 128
   2 1276
   2 1271
   2 1242
   2 124
   2 1224
   2 1211
   2 121
   2 1204
   2 119
   2 1189
   2 1180
   2 118
   2 1173
   2 1171
   2 1165
   2 1157
   2 1141
   2 1139
   2 1132
   2 1120
   2 1109
   2 1104
   2 110
   2 1095
   2 1070
   2 1051
   2 1046
   2 1040
   2 1029
   2 1020
   2 1016
   2 1007
   1 999
   1 995
   1 988
   1 987
   1 986
   1 982
   1 976
   1 975
   1 973
   1 967
   1 962
   1 958
   1 957
   1 954
   1 951
   1 949
   1 947
   1 9402
   1 939
   1 937
   1 936
   1 926
   1 924
   1 922
   1 920
   1 917
   1 913
   1 911
   1 9107
   1 910
   1 909
   1 908
   1 905
   1 90
   1 8993
   1 899
   1 898
   1 894
   1 891
   1 89
   1 884
   1 883
   1 881
   1 880
   1 88
   1 879
   1 878
   1 876
   1 8706
   1 87
   1 869
   1 864
   1 8621
   1 862
   1 8586
   1 858
   1 854
   1 850
   1 85
   1 848
   1 846
   1 845
   1 839
   1 835
   1 834
   1 8310
   1 830
   1 8299
   1 821
   1 820
   1 819
   1 818
   1 8148
   1 814
   1 81
   1 803
   1 797
   1 794
   1 7936
   1 792
   1 79
   1 785
   1 783
   1 78
   1 7799
   1 779
   1 774
   1 772
   1 771
   1 769
   1 766
   1 765
   1 762
   1 761
   1 76
   1 753
   1 749
   1 740
   1 731
   1 730
   1 73
   1 726
   1 725
   1 724
   1 723
   1 722
   1 721
   1 720
   1 719
   1 718
   1 712
   1 71
   1 709
   1 705
   1 702
   1 7
   1 698
   1 695
   1 694
   1 693
   1 692
   1 689
   1 684
   1 681
   1 678
   1 677
   1 676
   1 675
   1 672
   1 67
   1 669
   1 667
   1 666
   1 665
   1 664
   1 662
   1 66
   1 659
   1 6580
   1 658
   1 657
   1 644
   1 643
   1 642
   1 641
   1 639
   1 6385
   1 637
   1 635
   1 632
   1 630
   1 629
   1 627
   1 620
   1 62
   1 619
   1 612
   1 611
   1 609
   1 608
   1 607
   1 605
   1 601
   1 595
   1 590
   1 588
   1 586
   1 585
   1 584
   1 582
   1 581
   1 58
   1 577
   1 574
   1 5723
   1 569
   1 568
   1 567
   1 565
   1 560
   1 56
   1 558
   1 555
   1 549
   1 548
   1 545
   1 5444
   1 543
   1 54
   1 53
   1 528
   1 5234
   1 5233
   1 521
   1 520
   1 519
   1 517
   1 5157
   1 515
   1 513
   1 51
   1 507
   1 502
   1 501
   1 4999
   1 4991
   1 499
   1 4970
   1 497
   1 496
   1 4955
   1 4932
   1 490
   1 489
   1 488
   1 487
   1 482
   1 4795
   1 479
   1 477
   1 4750
   1 4746
   1 4713
   1 467
   1 466
   1 465
   1 464
   1 462
   1 4617
   1 460
   1 46
   1 459
   1 458
   1 4569
   1 4566
   1 4550
   1 4549
   1 4536
   1 451
   1 4502
   1 45
   1 447
   1 4463
   1 444
   1 4416
   1 440
   1 438
   1 4368
   1 4348
   1 434
   1 4321
   1 429
   1 427
   1 426
   1 425
   1 4237
   1 42
   1 4196
   1 4180
   1 416
   1 4128
   1 411
   1 4071
   1 407
   1 4064
   1 406
   1 404
   1 403
   1 400
   1 3988
   1 3983
   1 3980
   1 3972
   1 3960
   1 3955
   1 393
   1 3915
   1 391
   1 3908
   1 389
   1 3888
   1 3878
   1 386
   1 385
   1 3848
   1 3845
   1 3840
   1 384
   1 3836
   1 3828
   1 382
   1 381
   1 3786
   1 377
   1 3769
   1 3756
   1 3745
   1 3717
   1 370
   1 3693
   1 3682
   1 368
   1 3665
   1 366
   1 3655
   1 365
   1 3649
   1 3642
   1 3631
   1 3620
   1 3618
   1 360
   1 3598
   1 358
   1 3575
   1 3570
   1 357
   1 3551
   1 355
   1 3547
   1 3533
   1 3531
   1 3530
   1 353
   1 3529
   1 352
   1 3518
   1 3501
   1 349
   1 3487
   1 3482
   1 348
   1 347
   1 3469
   1 346
   1 3441
   1 3436
   1 3428
   1 3424
   1 3416
   1 341
   1 3404
   1 340
   1 339
   1 3384
   1 3360
   1 336
   1 335
   1 334
   1 3336
   1 333
   1 3326
   1 3311
   1 331
   1 3297
   1 329
   1 3287
   1 3281
   1 3279
   1 3276
   1 3272
   1 327
   1 3267
   1 3265
   1 3254
   1 3248
   1 3240
   1 324
   1 3229
   1 3210
   1 321
   1 3198
   1 319
   1 3174
   1 3166
   1 3164
   1 3153
   1 3151
   1 3145
   1 3141
   1 3139
   1 3131
   1 3128
   1 3116
   1 3112
   1 3109
   1 3108
   1 3105
   1 3091
   1 3073
   1 3068
   1 3063
   1 306
   1 305
   1 304
   1 3037
   1 302
   1 3011
   1 301
   1 2971
   1 2960
   1 2955
   1 2951
   1 2943
   1 2928
   1 2919
   1 2907
   1 2904
   1 2903
   1 2894
   1 289
   1 2887
   1 2876
   1 2874
   1 2871
   1 2850
   1 2840
   1 283
   1 282
   1 2817
   1 2813
   1 281
   1 2808
   1 2802
   1 2792
   1 2776
   1 2759
   1 2757
   1 2740
   1 2739
   1 2722
   1 272
   1 2716
   1 2713
   1 2711
   1 2706
   1 2691
   1 2683
   1 2681
   1 2675
   1 2674
   1 267
   1 2641
   1 2640
   1 263
   1 2629
   1 2622
   1 262
   1 2618
   1 2615
   1 2609
   1 2607
   1 2602
   1 2589
   1 258
   1 2577
   1 2576
   1 2572
   1 257
   1 2560
   1 2559
   1 2555
   1 2545
   1 2538
   1 2531
   1 2528
   1 2526
   1 2523
   1 2522
   1 2520
   1 2517
   1 2516
   1 2502
   1 2500
   1 2497
   1 2490
   1 2481
   1 248
   1 2477
   1 2472
   1 2470
   1 2466
   1 2464
   1 2463
   1 2452
   1 2451
   1 2449
   1 2432
   1 2418
   1 2417
   1 2413
   1 2409
   1 2408
   1 240
   1 2396
   1 2388
   1 2385
   1 2382
   1 2381
   1 2379
   1 2374
   1 2369
   1 2368
   1 2366
   1 2364
   1 2356
   1 2354
   1 2349
   1 2345
   1 2341
   1 2331
   1 2328
   1 232
   1 2319
   1 2314
   1 231
   1 2307
   1 2305
   1 2294
   1 2290
   1 2285
   1 2284
   1 2281
   1 2272
   1 2267
   1 2261
   1 226
   1 2253
   1 2247
   1 2234
   1 2233
   1 2229
   1 2225
   1 2216
   1 2214
   1 2201
   1 220
   1 2190
   1 218
   1 2160
   1 2159
   1 2151
   1 2142
   1 2132
   1 2128
   1 2126
   1 2125
   1 2124
   1 2123
   1 2120
   1 2103
   1 2102
   1 2100
   1 21
   1 2088
   1 2078
   1 207
   1 2069
   1 2064
   1 2060
   1 2055
   1 2052
   1 2045
   1 2043
   1 2041
   1 2039
   1 2030
   1 2017
   1 2014
   1 2002
   1 1999
   1 1995
   1 1984
   1 1977
   1 1973
   1 1972
   1 1966
   1 1961
   1 1951
   1 195
   1 1949
   1 1942
   1 194
   1 1933
   1 1932
   1 1930
   1 1922
   1 1915
   1 1910
   1 1909
   1 1907
   1 1905
   1 1903
   1 190
   1 19
   1 1898
   1 1897
   1 1894
   1 1892
   1 189
   1 1878
   1 1872
   1 1864
   1 1855
   1 1850
   1 1848
   1 1847
   1 1843
   1 1840
   1 1835
   1 1829
   1 1826
   1 1823
   1 1819
   1 1818
   1 1815
   1 1811
   1 1808
   1 1805
   1 1803
   1 1802
   1 1801
   1 1800
   1 18
   1 1799
   1 1797
   1 1794
   1 1781
   1 1777
   1 1773
   1 1771
   1 1769
   1 1765
   1 1763
   1 1761
   1 176
   1 1757
   1 175
   1 1749
   1 1745
   1 1741
   1 1733
   1 1732
   1 1731
   1 1707
   1 1697
   1 1695
   1 1691
   1 1690
   1 1689
   1 1688
   1 168
   1 1677
   1 1674
   1 1661
   1 1658
   1 1647
   1 1644
   1 1643
   1 1638
   1 1637
   1 1632
   1 1630
   1 1626
   1 1624
   1 1615
   1 1613
   1 1612
   1 1592
   1 1589
   1 1587
   1 1573
   1 1572
   1 1571
   1 1568
   1 1553
   1 1547
   1 1542
   1 1540
   1 1538
   1 1536
   1 1521
   1 1517
   1 1511
   1 151
   1 1507
   1 1505
   1 1504
   1 1497
   1 1495
   1 1494
   1 1492
   1 1481
   1 1479
   1 1468
   1 1467
   1 1465
   1 1464
   1 1456
   1 1453
   1 1447
   1 1446
   1 1441
   1 1440
   1 1438
   1 1437
   1 1432
   1 1430
   1 1429
   1 1427
   1 1426
   1 1421
   1 1417
   1 1414
   1 1410
   1 1406
   1 1403
   1 1400
   1 1389
   1 1381
   1 1380
   1 138
   1 1377
   1 1373
   1 1372
   1 137
   1 1369
   1 1363
   1 1361
   1 1341
   1 1334
   1 1330
   1 133
   1 1328
   1 1325
   1 1324
   1 1321
   1 1317
   1 1315
   1 1311
   1 1309
   1 1308
   1 1304
   1 1299
   1 1298
   1 1297
   1 1295
   1 1291
   1 1290
   1 129
   1 1287
   1 1282
   1 1277
   1 1270
   1 1268
   1 1262
   1 1261
   1 1260
   1 1251
   1 1250
   1 1249
   1 1248
   1 1244
   1 1238
   1 1236
   1 1235
   1 1233
   1 1231
   1 1230
   1 1226
   1 1225
   1 1223
   1 1218
   1 1212
   1 1209
   1 1208
   1 1207
   1 1206
   1 1205
   1 1203
   1 1202
   1 1201
   1 1198
   1 1195
   1 1194
   1 1192
   1 1191
   1 1188
   1 1181
   1 1178
   1 1176
   1 117
   1 1168
   1 1166
   1 1161
   1 1160
   1 1159
   1 1156
   1 1154
   1 115
   1 1149
   1 1147
   1 1138
   1 1135
   1 1134
   1 1128
   1 1127
   1 1125
   1 1123
   1 1117
   1 1112
   1 111
   1 1108
   1 1106
   1 1105
   1 11
   1 1097
   1 1094
   1 1093
   1 1089
   1 1087
   1 1086
   1 1085
   1 1081
   1 1077
   1 10760
   1 107
   1 1065
   1 1062
   1 1058
   1 10578
   1 1057
   1 10543
   1 1054
   1 1053
   1 1049
   1 1044
   1 1034
   1 1031
   1 1028
   1 1027
   1 1026
   1 1024
   1 1023
   1 1022
   1 1021
   1 1019
   1 1015
   1 101
   1 1009
   1 1008
   1 10049
   1 1004
   1 10
