 185 0
  13 19
   8 188
   8 139
   6 22
   6 203
   6 200
   6 136
   5 43
   5 403
   5 291
   5 287
   5 251
   5 237
   5 235
   5 223
   5 212
   5 184
   5 181
   5 167
   5 165
   5 162
   5 154
   5 1029
   4 95
   4 94
   4 801
   4 770
   4 703
   4 67
   4 598
   4 56
   4 546
   4 54
   4 503
   4 492
   4 49
   4 48
   4 351
   4 34
   4 322
   4 32
   4 3
   4 289
   4 264
   4 245
   4 217
   4 209
   4 205
   4 204
   4 2030
   4 202
   4 190
   4 182
   4 1622
   4 143
   4 140
   4 1303
   3 992
   3 87
   3 86
   3 803
   3 796
   3 750
   3 75
   3 73
   3 680
   3 674
   3 668
   3 648
   3 58
   3 570
   3 531
   3 51
   3 467
   3 436
   3 421
   3 418
   3 396
   3 395
   3 382
   3 38
   3 352
   3 346
   3 342
   3 337
   3 3203
   3 320
   3 310
   3 303
   3 299
   3 286
   3 282
   3 274
   3 269
   3 26
   3 253
   3 25
   3 24
   3 232
   3 229
   3 220
   3 215
   3 214
   3 210
   3 208
   3 199
   3 198
   3 194
   3 193
   3 1903
   3 186
   3 183
   3 178
   3 172
   3 166
   3 1603
   3 160
   3 16
   3 153
   3 148
   3 144
   3 141
   3 1336
   3 131
   3 130
   3 1295
   3 125
   3 124
   3 115
   3 107
   3 1027
   3 1026
   3 102
   3 1016
   3 1003
   2 994
   2 991
   2 985
   2 981
   2 975
   2 97
   2 956
   2 940
   2 921
   2 912
   2 91
   2 900
   2 90
   2 881
   2 860
   2 854
   2 846
   2 833
   2 813
   2 808
   2 792
   2 774
   2 749
   2 746
   2 737
   2 727
   2 724
   2 712
   2 71
   2 702
   2 700
   2 698
   2 697
   2 671
   2 667
   2 660
   2 66
   2 646
   2 64
   2 63
   2 627
   2 605
   2 604
   2 603
   2 60
   2 596
   2 594
   2 583
   2 563
   2 561
   2 557
   2 55
   2 534
   2 526
   2 52
   2 5113
   2 508
   2 498
   2 497
   2 494
   2 488
   2 485
   2 484
   2 483
   2 482
   2 477
   2 476
   2 473
   2 459
   2 447
   2 445
   2 441
   2 44
   2 415
   2 411
   2 4022
   2 402
   2 400
   2 3983
   2 391
   2 39
   2 388
   2 373
   2 370
   2 365
   2 362
   2 36
   2 354
   2 353
   2 349
   2 345
   2 334
   2 330
   2 329
   2 324
   2 323
   2 317
   2 3153
   2 313
   2 308
   2 302
   2 301
   2 300
   2 296
   2 288
   2 283
   2 281
   2 280
   2 275
   2 272
   2 270
   2 27
   2 262
   2 255
   2 2531
   2 2501
   2 249
   2 244
   2 243
   2 242
   2 241
   2 2403
   2 2399
   2 239
   2 238
   2 236
   2 2330
   2 233
   2 2308
   2 228
   2 227
   2 225
   2 222
   2 221
   2 2203
   2 219
   2 218
   2 216
   2 213
   2 211
   2 207
   2 2039
   2 2029
   2 2018
   2 201
   2 2003
   2 196
   2 191
   2 187
   2 185
   2 1790
   2 179
   2 1785
   2 177
   2 1759
   2 174
   2 173
   2 1703
   2 1697
   2 1689
   2 168
   2 164
   2 1610
   2 159
   2 1589
   2 1540
   2 151
   2 1509
   2 1483
   2 145
   2 1441
   2 1430
   2 142
   2 1403
   2 135
   2 134
   2 1287
   2 1271
   2 1264
   2 126
   2 1249
   2 1218
   2 1212
   2 1210
   2 121
   2 1200
   2 120
   2 1198
   2 1189
   2 118
   2 116
   2 114
   2 113
   2 112
   2 110
   2 1096
   2 1070
   2 1051
   2 1034
   2 1031
   2 1030
   2 1025
   2 1024
   2 1021
   1 998
   1 997
   1 995
   1 99
   1 989
   1 9889
   1 987
   1 980
   1 971
   1 965
   1 964
   1 961
   1 96
   1 958
   1 957
   1 955
   1 953
   1 947
   1 946
   1 9402
   1 937
   1 93
   1 927
   1 926
   1 924
   1 923
   1 922
   1 920
   1 92
   1 917
   1 914
   1 911
   1 9107
   1 910
   1 906
   1 904
   1 8993
   1 898
   1 897
   1 896
   1 894
   1 891
   1 888
   1 883
   1 879
   1 8706
   1 870
   1 869
   1 866
   1 864
   1 863
   1 8621
   1 8603
   1 859
   1 8586
   1 857
   1 853
   1 852
   1 850
   1 85
   1 844
   1 841
   1 838
   1 836
   1 835
   1 8310
   1 830
   1 8299
   1 826
   1 825
   1 823
   1 82
   1 819
   1 8148
   1 811
   1 81
   1 807
   1 805
   1 8034
   1 8027
   1 80
   1 798
   1 795
   1 794
   1 7936
   1 791
   1 789
   1 7799
   1 778
   1 773
   1 771
   1 77
   1 769
   1 768
   1 766
   1 763
   1 760
   1 76
   1 759
   1 748
   1 747
   1 744
   1 740
   1 734
   1 729
   1 725
   1 723
   1 722
   1 718
   1 715
   1 714
   1 713
   1 710
   1 704
   1 7037
   1 7033
   1 7032
   1 7025
   1 7004
   1 7003
   1 694
   1 693
   1 691
   1 690
   1 685
   1 682
   1 681
   1 678
   1 673
   1 6703
   1 670
   1 663
   1 662
   1 6599
   1 6580
   1 654
   1 6503
   1 650
   1 65
   1 649
   1 645
   1 641
   1 6385
   1 638
   1 634
   1 633
   1 631
   1 6288
   1 6257
   1 623
   1 622
   1 62
   1 618
   1 616
   1 614
   1 613
   1 6093
   1 608
   1 6032
   1 602
   1 600
   1 599
   1 595
   1 5916
   1 590
   1 59
   1 5896
   1 589
   1 588
   1 586
   1 585
   1 584
   1 582
   1 5812
   1 576
   1 572
   1 5713
   1 571
   1 57
   1 569
   1 568
   1 567
   1 564
   1 5624
   1 5604
   1 560
   1 558
   1 5554
   1 555
   1 551
   1 548
   1 5444
   1 543
   1 5404
   1 540
   1 5380
   1 535
   1 533
   1 529
   1 528
   1 5271
   1 525
   1 524
   1 5233
   1 523
   1 5225
   1 522
   1 521
   1 520
   1 5197
   1 519
   1 5187
   1 517
   1 5163
   1 5157
   1 5151
   1 515
   1 514
   1 5137
   1 513
   1 512
   1 5112
   1 5098
   1 5092
   1 509
   1 5084
   1 5077
   1 507
   1 5069
   1 5053
   1 5052
   1 5033
   1 5027
   1 5023
   1 500
   1 50
   1 4999
   1 4991
   1 4975
   1 4970
   1 4963
   1 4956
   1 4955
   1 4944
   1 4932
   1 493
   1 4923
   1 4901
   1 487
   1 4855
   1 4822
   1 4811
   1 4795
   1 4781
   1 4749
   1 4725
   1 472
   1 4707
   1 470
   1 47
   1 4697
   1 468
   1 4675
   1 466
   1 463
   1 462
   1 4617
   1 461
   1 46
   1 4590
   1 458
   1 457
   1 456
   1 4550
   1 455
   1 454
   1 4536
   1 453
   1 452
   1 451
   1 4503
   1 4501
   1 45
   1 4484
   1 4473
   1 443
   1 439
   1 4388
   1 435
   1 434
   1 4335
   1 432
   1 431
   1 429
   1 428
   1 426
   1 425
   1 4244
   1 420
   1 42
   1 4196
   1 4193
   1 419
   1 414
   1 413
   1 412
   1 410
   1 41
   1 4089
   1 407
   1 4064
   1 406
   1 4047
   1 404
   1 4038
   1 4037
   1 4032
   1 4030
   1 4024
   1 401
   1 4001
   1 40
   1 3993
   1 3988
   1 3980
   1 398
   1 397
   1 3963
   1 3954
   1 3947
   1 3933
   1 393
   1 392
   1 3901
   1 390
   1 3899
   1 3895
   1 389
   1 385
   1 3845
   1 3840
   1 383
   1 381
   1 379
   1 378
   1 3769
   1 372
   1 3717
   1 3703
   1 3697
   1 3693
   1 369
   1 366
   1 3655
   1 3642
   1 364
   1 3622
   1 3618
   1 3613
   1 361
   1 359
   1 355
   1 3533
   1 3530
   1 3515
   1 3501
   1 3500
   1 350
   1 35
   1 3487
   1 348
   1 347
   1 3441
   1 344
   1 343
   1 3424
   1 3416
   1 340
   1 338
   1 336
   1 332
   1 331
   1 33
   1 3297
   1 328
   1 3279
   1 3273
   1 3267
   1 326
   1 3258
   1 3256
   1 325
   1 3241
   1 3236
   1 3223
   1 3218
   1 3210
   1 3208
   1 3198
   1 3197
   1 3193
   1 319
   1 318
   1 3178
   1 3173
   1 3164
   1 3162
   1 3158
   1 3151
   1 315
   1 3148
   1 3143
   1 314
   1 3139
   1 3138
   1 3134
   1 3131
   1 3130
   1 3126
   1 3123
   1 3118
   1 3116
   1 3108
   1 31
   1 309
   1 306
   1 305
   1 304
   1 3037
   1 3032
   1 30
   1 2997
   1 297
   1 293
   1 292
   1 2907
   1 2903
   1 2900
   1 290
   1 29
   1 2894
   1 2871
   1 2849
   1 2840
   1 284
   1 28
   1 2795
   1 276
   1 271
   1 2697
   1 2681
   1 2675
   1 2663
   1 2659
   1 265
   1 2618
   1 261
   1 2609
   1 2607
   1 2604
   1 26033
   1 2603
   1 2599
   1 2597
   1 259
   1 2589
   1 258
   1 2576
   1 256
   1 2555
   1 2523
   1 252
   1 2513
   1 2500
   1 250
   1 2494
   1 2485
   1 2481
   1 248
   1 2470
   1 247
   1 2466
   1 246
   1 2452
   1 2420
   1 2409
   1 2394
   1 2381
   1 2375
   1 2369
   1 2368
   1 234
   1 2316
   1 23034
   1 2303
   1 2300
   1 230
   1 2294
   1 2293
   1 2278
   1 22693
   1 2267
   1 2256
   1 2247
   1 224
   1 2237
   1 2234
   1 2216
   1 2204
   1 22008
   1 2175
   1 2169
   1 2162
   1 2154
   1 2152
   1 2150
   1 2139
   1 2128
   1 2125
   1 2120
   1 2115
   1 2103
   1 2098
   1 2095
   1 2089
   1 2088
   1 2086
   1 2081
   1 2072
   1 2064
   1 2055
   1 2049
   1 2046
   1 2043
   1 20393
   1 2038
   1 20372
   1 2034
   1 2032
   1 20287
   1 2027
   1 2022
   1 2014
   1 2011
   1 20
   1 1985
   1 1970
   1 197
   1 1967
   1 195
   1 1932
   1 1928
   1 1923
   1 1917
   1 1894
   1 1892
   1 1890
   1 1865
   1 1860
   1 1852
   1 1851
   1 1849
   1 1848
   1 1839
   1 1829
   1 1828
   1 1823
   1 1822
   1 1819
   1 1816
   1 1815
   1 1811
   1 1803
   1 180
   1 18
   1 1799
   1 1797
   1 1787
   1 1781
   1 1780
   1 1769
   1 1760
   1 1753
   1 1749
   1 1745
   1 1733
   1 1725
   1 17231
   1 1714
   1 17103
   1 171
   1 1690
   1 169
   1 1673
   1 1662
   1 1656
   1 1650
   1 1640
   1 1639
   1 1630
   1 1627
   1 1625
   1 1619
   1 1616
   1 1615
   1 1614
   1 161
   1 1599
   1 1597
   1 15903
   1 1588
   1 1587
   1 158
   1 1575
   1 1573
   1 1567
   1 1562
   1 1559
   1 1555
   1 155
   1 1547
   1 1545
   1 1543
   1 15397
   1 1538
   1 1525
   1 1521
   1 152
   1 1511
   1 1505
   1 1503
   1 1502
   1 150
   1 15
   1 1495
   1 1494
   1 149
   1 1480
   1 14790
   1 1476
   1 1471
   1 1470
   1 146
   1 1458
   1 1456
   1 1455
   1 1454
   1 1453
   1 1449
   1 14484
   1 1443
   1 1442
   1 1440
   1 1438
   1 1433
   1 1426
   1 1423
   1 1422
   1 1421
   1 1417
   1 14103
   1 14036
   1 1399
   1 1397
   1 1394
   1 1389
   1 1380
   1 1371
   1 137
   1 1366
   1 1361
   1 1360
   1 1351
   1 1350
   1 1348
   1 1347
   1 1343
   1 1335
   1 133
   1 13292
   1 1326
   1 1321
   1 132
   1 1319
   1 1318
   1 1313
   1 1304
   1 1301
   1 1300
   1 13
   1 1299
   1 1293
   1 1292
   1 129
   1 1288
   1 1284
   1 1282
   1 128
   1 1276
   1 1262
   1 1260
   1 1256
   1 1255
   1 1254
   1 1251
   1 1244
   1 1235
   1 1231
   1 1224
   1 122
   1 1211
   1 1208
   1 1203
   1 1202
   1 12
   1 1199
   1 1192
   1 1191
   1 119
   1 1181
   1 1180
   1 1173
   1 117
   1 1168
   1 1166
   1 1162
   1 1160
   1 1158
   1 1157
   1 1156
   1 1147
   1 1139
   1 1137
   1 1136
   1 1127
   1 1123
   1 1122
   1 1119
   1 1117
   1 1115
   1 1110
   1 111
   1 1108
   1 1107
   1 1104
   1 11035
   1 1101
   1 1095
   1 1094
   1 1093
   1 1091
   1 109
   1 1081
   1 108
   1 1078
   1 1077
   1 10760
   1 1071
   1 1069
   1 1064
   1 1063
   1 106
   1 1059
   1 1058
   1 10578
   1 1057
   1 10543
   1 1052
   1 105
   1 1040
   1 1038
   1 1037
   1 10365
   1 1036
   1 10347
   1 1032
   1 103
   1 1028
   1 1022
   1 1020
   1 1014
   1 101
   1 10049
   1 1002
   1 1001
   1 1000
   1 100
