 278 0
  55 19
  10 184
  10 167
  10 15
   8 48
   8 264
   8 262
   8 212
   8 204
   8 162
   8 129
   7 51
   7 274
   7 272
   7 269
   7 240
   7 234
   7 224
   7 216
   7 211
   7 209
   7 200
   7 195
   7 182
   7 181
   7 170
   7 16
   7 155
   7 150
   7 142
   7 141
   7 124
   6 75
   6 62
   6 58
   6 56
   6 54
   6 53
   6 460
   6 43
   6 39
   6 38
   6 36
   6 3
   6 28
   6 26
   6 255
   6 251
   6 245
   6 222
   6 221
   6 218
   6 194
   6 190
   6 185
   6 178
   6 154
   6 151
   6 147
   6 134
   6 131
   6 125
   6 121
   6 117
   6 115
   6 102
   6 101
   5 856
   5 830
   5 67
   5 590
   5 57
   5 49
   5 476
   5 44
   5 402
   5 400
   5 40
   5 395
   5 345
   5 330
   5 324
   5 320
   5 311
   5 304
   5 284
   5 282
   5 275
   5 267
   5 244
   5 24
   5 236
   5 230
   5 208
   5 205
   5 199
   5 187
   5 180
   5 173
   5 172
   5 158
   5 148
   5 146
   5 144
   5 140
   5 139
   5 136
   5 1217
   5 107
   4 950
   4 946
   4 88
   4 823
   4 756
   4 747
   4 743
   4 73
   4 718
   4 710
   4 698
   4 66
   4 650
   4 640
   4 64
   4 622
   4 602
   4 597
   4 584
   4 582
   4 579
   4 569
   4 564
   4 562
   4 541
   4 534
   4 532
   4 531
   4 522
   4 488
   4 486
   4 484
   4 470
   4 467
   4 455
   4 440
   4 438
   4 436
   4 429
   4 428
   4 409
   4 388
   4 382
   4 37
   4 342
   4 327
   4 322
   4 309
   4 295
   4 287
   4 285
   4 276
   4 270
   4 27
   4 259
   4 253
   4 252
   4 243
   4 232
   4 227
   4 225
   4 223
   4 220
   4 22
   4 219
   4 210
   4 201
   4 188
   4 169
   4 168
   4 166
   4 165
   4 164
   4 161
   4 160
   4 157
   4 153
   4 149
   4 138
   4 135
   4 132
   4 114
   4 110
   4 1091
   4 108
   4 105
   4 1016
   3 991
   3 99
   3 96
   3 958
   3 93
   3 927
   3 92
   3 915
   3 900
   3 863
   3 859
   3 843
   3 841
   3 84
   3 820
   3 801
   3 796
   3 780
   3 774
   3 770
   3 768
   3 761
   3 757
   3 744
   3 729
   3 723
   3 719
   3 714
   3 712
   3 71
   3 701
   3 700
   3 70
   3 699
   3 676
   3 674
   3 646
   3 638
   3 636
   3 631
   3 626
   3 619
   3 607
   3 60
   3 598
   3 595
   3 594
   3 581
   3 567
   3 558
   3 554
   3 536
   3 520
   3 513
   3 512
   3 509
   3 507
   3 506
   3 502
   3 50
   3 492
   3 485
   3 480
   3 452
   3 448
   3 426
   3 425
   3 419
   3 418
   3 414
   3 411
   3 41
   3 404
   3 403
   3 397
   3 393
   3 391
   3 385
   3 384
   3 381
   3 379
   3 375
   3 372
   3 366
   3 362
   3 346
   3 344
   3 34
   3 339
   3 338
   3 333
   3 331
   3 33
   3 329
   3 325
   3 323
   3 32
   3 318
   3 302
   3 296
   3 294
   3 292
   3 291
   3 289
   3 281
   3 268
   3 2604
   3 257
   3 250
   3 25
   3 249
   3 241
   3 238
   3 237
   3 235
   3 233
   3 217
   3 214
   3 206
   3 2058
   3 203
   3 202
   3 198
   3 189
   3 186
   3 1852
   3 177
   3 175
   3 1725
   3 1714
   3 159
   3 156
   3 152
   3 1458
   3 1394
   3 133
   3 1295
   3 1291
   3 122
   3 1208
   3 112
   3 111
   3 1092
   3 109
   3 106
   3 1057
   3 1029
   3 1005
   3 10
   2 994
   2 985
   2 980
   2 98
   2 969
   2 95
   2 921
   2 91
   2 907
   2 905
   2 904
   2 90
   2 895
   2 893
   2 889
   2 881
   2 879
   2 869
   2 861
   2 860
   2 86
   2 851
   2 849
   2 846
   2 839
   2 831
   2 819
   2 818
   2 811
   2 81
   2 806
   2 805
   2 795
   2 792
   2 78
   2 778
   2 77
   2 76
   2 754
   2 749
   2 74
   2 736
   2 731
   2 730
   2 728
   2 724
   2 711
   2 704
   2 697
   2 693
   2 692
   2 69
   2 689
   2 679
   2 678
   2 667
   2 665
   2 662
   2 660
   2 658
   2 65
   2 648
   2 645
   2 644
   2 637
   2 634
   2 632
   2 63
   2 623
   2 621
   2 613
   2 611
   2 61
   2 604
   2 596
   2 59
   2 589
   2 586
   2 583
   2 578
   2 575
   2 572
   2 571
   2 566
   2 563
   2 561
   2 559
   2 557
   2 553
   2 552
   2 551
   2 550
   2 55
   2 548
   2 546
   2 540
   2 529
   2 526
   2 521
   2 52
   2 518
   2 517
   2 515
   2 514
   2 508
   2 505
   2 503
   2 501
   2 500
   2 499
   2 498
   2 497
   2 496
   2 495
   2 493
   2 487
   2 482
   2 478
   2 477
   2 471
   2 47
   2 468
   2 466
   2 464
   2 461
   2 46
   2 45
   2 447
   2 446
   2 445
   2 441
   2 433
   2 430
   2 421
   2 420
   2 42
   2 417
   2 408
   2 399
   2 392
   2 390
   2 386
   2 383
   2 380
   2 378
   2 376
   2 370
   2 364
   2 359
   2 356
   2 351
   2 347
   2 334
   2 332
   2 328
   2 321
   2 3197
   2 319
   2 317
   2 313
   2 310
   2 31
   2 3092
   2 308
   2 306
   2 301
   2 300
   2 298
   2 2938
   2 293
   2 2923
   2 29
   2 286
   2 2800
   2 2795
   2 2763
   2 271
   2 266
   2 265
   2 2614
   2 261
   2 258
   2 256
   2 2518
   2 2512
   2 248
   2 239
   2 2316
   2 231
   2 23
   2 229
   2 228
   2 2253
   2 2246
   2 2204
   2 2180
   2 2137
   2 213
   2 207
   2 2046
   2 197
   2 193
   2 192
   2 1917
   2 183
   2 1811
   2 1798
   2 179
   2 1785
   2 176
   2 1739
   2 1719
   2 163
   2 1606
   2 1579
   2 1520
   2 1502
   2 1483
   2 1470
   2 1452
   2 1440
   2 143
   2 1373
   2 1348
   2 1344
   2 1331
   2 1327
   2 1313
   2 1305
   2 1301
   2 130
   2 13
   2 1298
   2 1288
   2 1287
   2 128
   2 1277
   2 1276
   2 1268
   2 1262
   2 1260
   2 126
   2 1257
   2 1255
   2 1244
   2 1210
   2 1200
   2 120
   2 1199
   2 1187
   2 1185
   2 1181
   2 118
   2 1172
   2 1168
   2 1167
   2 1163
   2 1160
   2 116
   2 1159
   2 1158
   2 1150
   2 1145
   2 1121
   2 1119
   2 1110
   2 1109
   2 1101
   2 1100
   2 1094
   2 1078
   2 1076
   2 1070
   2 1059
   2 1053
   2 1052
   2 1050
   2 1043
   2 104
   2 1021
   2 1013
   1 998
   1 997
   1 996
   1 992
   1 989
   1 987
   1 981
   1 979
   1 976
   1 975
   1 974
   1 973
   1 97
   1 966
   1 965
   1 961
   1 957
   1 956
   1 955
   1 954
   1 943
   1 942
   1 941
   1 940
   1 94
   1 939
   1 937
   1 936
   1 935
   1 934
   1 929
   1 928
   1 926
   1 925
   1 923
   1 920
   1 919
   1 918
   1 913
   1 912
   1 909
   1 908
   1 898
   1 896
   1 894
   1 891
   1 883
   1 880
   1 876
   1 875
   1 873
   1 87
   1 868
   1 867
   1 866
   1 865
   1 864
   1 862
   1 857
   1 854
   1 852
   1 85
   1 848
   1 845
   1 844
   1 842
   1 840
   1 838
   1 836
   1 834
   1 833
   1 832
   1 829
   1 828
   1 826
   1 825
   1 824
   1 82
   1 817
   1 816
   1 813
   1 812
   1 807
   1 804
   1 803
   1 80
   1 8
   1 797
   1 794
   1 790
   1 785
   1 783
   1 781
   1 777
   1 776
   1 775
   1 773
   1 765
   1 763
   1 762
   1 759
   1 758
   1 755
   1 753
   1 752
   1 751
   1 750
   1 746
   1 745
   1 740
   1 739
   1 737
   1 733
   1 725
   1 715
   1 713
   1 709
   1 707
   1 705
   1 703
   1 702
   1 7
   1 695
   1 694
   1 691
   1 6902
   1 690
   1 688
   1 685
   1 683
   1 682
   1 681
   1 680
   1 677
   1 673
   1 672
   1 671
   1 670
   1 668
   1 664
   1 663
   1 661
   1 659
   1 657
   1 654
   1 652
   1 651
   1 649
   1 642
   1 641
   1 633
   1 628
   1 627
   1 624
   1 620
   1 618
   1 617
   1 616
   1 614
   1 612
   1 610
   1 600
   1 599
   1 5945
   1 5896
   1 588
   1 585
   1 577
   1 576
   1 5728
   1 570
   1 568
   1 5673
   1 556
   1 555
   1 549
   1 545
   1 544
   1 543
   1 542
   1 5404
   1 538
   1 537
   1 5344
   1 5325
   1 527
   1 524
   1 523
   1 5197
   1 5163
   1 5151
   1 5112
   1 511
   1 510
   1 5052
   1 504
   1 4947
   1 494
   1 490
   1 489
   1 4886
   1 4839
   1 483
   1 481
   1 479
   1 4768
   1 4733
   1 473
   1 472
   1 4712
   1 469
   1 4659
   1 4632
   1 463
   1 4590
   1 459
   1 458
   1 457
   1 454
   1 453
   1 4517
   1 451
   1 4493
   1 444
   1 443
   1 442
   1 4405
   1 439
   1 437
   1 435
   1 434
   1 432
   1 427
   1 4244
   1 4242
   1 424
   1 4195
   1 415
   1 413
   1 4107
   1 410
   1 407
   1 4060
   1 406
   1 4
   1 3981
   1 396
   1 394
   1 3933
   1 3927
   1 3908
   1 3895
   1 3866
   1 3854
   1 3839
   1 377
   1 3767
   1 3755
   1 3747
   1 374
   1 373
   1 368
   1 367
   1 3658
   1 3650
   1 365
   1 3645
   1 3644
   1 3637
   1 3631
   1 3629
   1 3625
   1 3622
   1 3613
   1 3610
   1 361
   1 3597
   1 358
   1 3570
   1 3558
   1 3556
   1 355
   1 3549
   1 3546
   1 3545
   1 354
   1 353
   1 3523
   1 352
   1 3515
   1 3501
   1 350
   1 35
   1 3497
   1 349
   1 3481
   1 348
   1 3471
   1 3452
   1 3448
   1 343
   1 3428
   1 3423
   1 3420
   1 3419
   1 3407
   1 340
   1 3397
   1 3387
   1 3385
   1 337
   1 3360
   1 336
   1 3350
   1 335
   1 3348
   1 3329
   1 3328
   1 3325
   1 3304
   1 3300
   1 3266
   1 326
   1 3258
   1 3239
   1 3233
   1 3228
   1 3210
   1 3186
   1 3163
   1 3162
   1 316
   1 315
   1 3140
   1 314
   1 3123
   1 3122
   1 3121
   1 3118
   1 307
   1 3069
   1 3062
   1 305
   1 3032
   1 303
   1 3016
   1 3006
   1 2995
   1 2994
   1 299
   1 2989
   1 2964
   1 2946
   1 2911
   1 2910
   1 2908
   1 290
   1 2891
   1 2882
   1 288
   1 2869
   1 2865
   1 2849
   1 2847
   1 2837
   1 2834
   1 2832
   1 2831
   1 283
   1 2820
   1 2813
   1 280
   1 2799
   1 279
   1 2787
   1 2785
   1 2775
   1 277
   1 2747
   1 2746
   1 2736
   1 273
   1 2727
   1 2723
   1 2719
   1 2717
   1 2712
   1 2702
   1 2681
   1 2677
   1 2663
   1 2648
   1 2644
   1 263
   1 2626
   1 2618
   1 260
   1 2599
   1 2587
   1 2586
   1 2577
   1 2557
   1 2551
   1 2550
   1 2544
   1 254
   1 2539
   1 2533
   1 2531
   1 2530
   1 2524
   1 2509
   1 2497
   1 2485
   1 2481
   1 2475
   1 2473
   1 2472
   1 2465
   1 2456
   1 2453
   1 2441
   1 2440
   1 2439
   1 2425
   1 2422
   1 2421
   1 242
   1 2416
   1 2410
   1 2406
   1 2399
   1 2395
   1 2388
   1 2387
   1 2382
   1 2373
   1 2371
   1 2368
   1 2360
   1 2352
   1 2346
   1 2340
   1 2334
   1 2328
   1 2323
   1 2315
   1 2314
   1 2308
   1 2301
   1 2292
   1 2291
   1 2288
   1 2287
   1 2284
   1 2275
   1 2274
   1 2267
   1 2265
   1 2263
   1 2260
   1 226
   1 2256
   1 2248
   1 2242
   1 2237
   1 2236
   1 2233
   1 2225
   1 2220
   1 2212
   1 2207
   1 2195
   1 2194
   1 2190
   1 2182
   1 2173
   1 2169
   1 2167
   1 2162
   1 2157
   1 2154
   1 2150
   1 215
   1 2140
   1 2139
   1 2129
   1 2128
   1 2121
   1 2116
   1 2104
   1 21
   1 2098
   1 2095
   1 2089
   1 2088
   1 2086
   1 2084
   1 2081
   1 2080
   1 2073
   1 2072
   1 2071
   1 2064
   1 2057
   1 2047
   1 2045
   1 2039
   1 2038
   1 2034
   1 2032
   1 2030
   1 2029
   1 2027
   1 2025
   1 2022
   1 2018
   1 2017
   1 2003
   1 2000
   1 20
   1 1999
   1 1995
   1 1986
   1 1985
   1 1975
   1 1967
   1 1965
   1 1963
   1 196
   1 1952
   1 1951
   1 1948
   1 1939
   1 1934
   1 1932
   1 1928
   1 1923
   1 1922
   1 1915
   1 1914
   1 1913
   1 191
   1 1898
   1 1897
   1 1896
   1 1892
   1 1890
   1 1879
   1 1874
   1 1870
   1 1867
   1 1865
   1 1861
   1 1856
   1 1853
   1 1851
   1 1848
   1 1839
   1 1836
   1 1828
   1 1825
   1 1816
   1 1814
   1 1812
   1 1799
   1 1795
   1 1790
   1 1776
   1 1767
   1 1753
   1 1752
   1 1750
   1 1748
   1 1745
   1 1744
   1 1741
   1 174
   1 1731
   1 1724
   1 1713
   1 1710
   1 171
   1 1703
   1 1697
   1 1695
   1 1693
   1 1692
   1 1689
   1 1684
   1 1682
   1 1675
   1 1673
   1 1667
   1 1664
   1 1655
   1 1651
   1 1647
   1 1645
   1 1642
   1 1640
   1 1639
   1 1635
   1 1629
   1 1627
   1 1626
   1 1625
   1 1622
   1 1619
   1 1618
   1 1616
   1 1613
   1 1603
   1 1596
   1 1594
   1 1589
   1 1580
   1 1578
   1 1575
   1 1570
   1 1568
   1 1567
   1 1565
   1 1562
   1 1561
   1 1559
   1 1555
   1 1554
   1 1553
   1 1549
   1 1548
   1 1547
   1 1545
   1 1528
   1 1527
   1 1524
   1 1519
   1 1511
   1 1510
   1 1509
   1 1503
   1 1495
   1 1485
   1 1478
   1 1476
   1 1466
   1 1460
   1 1456
   1 1455
   1 1451
   1 145
   1 1448
   1 1446
   1 1443
   1 1442
   1 1441
   1 1437
   1 1433
   1 1431
   1 1430
   1 1428
   1 1425
   1 1423
   1 1422
   1 1420
   1 1419
   1 1417
   1 1416
   1 1411
   1 1410
   1 1404
   1 1400
   1 1399
   1 1396
   1 1389
   1 1386
   1 1383
   1 1376
   1 1368
   1 1363
   1 1362
   1 1361
   1 1360
   1 1358
   1 1356
   1 1353
   1 1351
   1 1346
   1 1343
   1 1342
   1 1340
   1 1339
   1 1338
   1 1336
   1 1335
   1 1323
   1 1321
   1 1314
   1 1312
   1 1310
   1 1308
   1 1304
   1 1303
   1 1300
   1 1299
   1 1293
   1 1292
   1 1290
   1 1284
   1 1282
   1 1281
   1 1280
   1 1274
   1 1272
   1 127
   1 1269
   1 1264
   1 1259
   1 1252
   1 1249
   1 1248
   1 1246
   1 1240
   1 1239
   1 1237
   1 1231
   1 1230
   1 1224
   1 1218
   1 1214
   1 1212
   1 1198
   1 1192
   1 1191
   1 119
   1 1189
   1 1183
   1 1176
   1 1173
   1 1171
   1 1162
   1 1157
   1 1149
   1 1144
   1 1143
   1 1141
   1 1139
   1 1136
   1 1135
   1 1133
   1 1132
   1 1131
   1 1130
   1 113
   1 1128
   1 1125
   1 1116
   1 1115
   1 1111
   1 1107
   1 1105
   1 1104
   1 1102
   1 11
   1 1099
   1 1098
   1 1097
   1 1096
   1 1089
   1 1086
   1 1075
   1 1073
   1 1072
   1 1071
   1 1069
   1 1067
   1 1064
   1 1063
   1 1058
   1 1056
   1 1047
   1 1046
   1 1045
   1 1042
   1 1036
   1 1034
   1 1031
   1 1030
   1 1026
   1 1024
   1 1023
   1 1022
   1 1020
   1 1017
   1 1014
   1 1012
   1 1010
   1 1009
   1 1008
   1 1002
   1 1001
   1 1000
   1 100
