  92 0
   6 24
   5 459
   5 327
   5 228
   5 1828
   5 136
   4 858
   4 798
   4 589
   4 546
   4 52
   4 447
   4 415
   4 407
   4 315
   4 287
   4 2374
   4 190
   4 162
   3 91
   3 844
   3 833
   3 817
   3 805
   3 792
   3 757
   3 685
   3 683
   3 670
   3 656
   3 649
   3 601
   3 585
   3 56
   3 558
   3 550
   3 55
   3 543
   3 531
   3 529
   3 51
   3 5092
   3 5069
   3 485
   3 483
   3 470
   3 458
   3 456
   3 443
   3 435
   3 431
   3 425
   3 423
   3 4109
   3 4104
   3 409
   3 405
   3 3924
   3 349
   3 346
   3 345
   3 334
   3 3273
   3 3203
   3 320
   3 3158
   3 304
   3 3005
   3 289
   3 285
   3 277
   3 2746
   3 270
   3 251
   3 2426
   3 2335
   3 226
   3 2179
   3 216
   3 215
   3 2104
   3 21
   3 209
   3 208
   3 207
   3 202
   3 199
   3 187
   3 1830
   3 173
   3 1662
   3 154
   3 1538
   3 1417
   3 137
   3 1303
   3 126
   3 1197
   3 118
   3 1152
   3 1147
   3 1138
   3 1065
   2 994
   2 965
   2 96
   2 954
   2 942
   2 940
   2 9254
   2 920
   2 894
   2 8826
   2 866
   2 841
   2 832
   2 8308
   2 828
   2 820
   2 8155
   2 808
   2 807
   2 8020
   2 801
   2 789
   2 7666
   2 764
   2 763
   2 761
   2 76
   2 752
   2 749
   2 740
   2 73
   2 7210
   2 720
   2 714
   2 7106
   2 710
   2 709
   2 7075
   2 706
   2 7041
   2 696
   2 681
   2 667
   2 663
   2 660
   2 6582
   2 65
   2 648
   2 645
   2 6379
   2 636
   2 631
   2 63
   2 623
   2 6093
   2 608
   2 605
   2 5982
   2 588
   2 5812
   2 570
   2 564
   2 563
   2 561
   2 5554
   2 552
   2 540
   2 5390
   2 526
   2 522
   2 515
   2 5130
   2 5113
   2 511
   2 5098
   2 509
   2 508
   2 5077
   2 507
   2 5052
   2 503
   2 5013
   2 4953
   2 495
   2 4901
   2 482
   2 48
   2 476
   2 4707
   2 469
   2 468
   2 4557
   2 4547
   2 4543
   2 4510
   2 4504
   2 4485
   2 448
   2 4477
   2 4469
   2 445
   2 439
   2 4378
   2 436
   2 4335
   2 433
   2 427
   2 424
   2 4226
   2 420
   2 418
   2 4154
   2 414
   2 4134
   2 4124
   2 410
   2 4099
   2 4094
   2 4089
   2 4051
   2 404
   2 4022
   2 4015
   2 40
   2 3993
   2 3983
   2 398
   2 3971
   2 396
   2 394
   2 393
   2 391
   2 39
   2 3899
   2 389
   2 380
   2 378
   2 372
   2 3697
   2 364
   2 363
   2 36
   2 359
   2 355
   2 353
   2 340
   2 3365
   2 336
   2 3333
   2 3296
   2 32
   2 3198
   2 3193
   2 317
   2 313
   2 3111
   2 310
   2 31
   2 308
   2 303
   2 295
   2 293
   2 292
   2 2858
   2 279
   2 2784
   2 2760
   2 2759
   2 2745
   2 274
   2 2705
   2 2695
   2 2685
   2 2680
   2 2678
   2 2675
   2 2670
   2 267
   2 2665
   2 2635
   2 2606
   2 2584
   2 2569
   2 2532
   2 253
   2 2519
   2 2507
   2 2487
   2 2439
   2 2437
   2 2427
   2 2421
   2 2416
   2 2411
   2 241
   2 2407
   2 2394
   2 2390
   2 2381
   2 238
   2 237
   2 2369
   2 2364
   2 2360
   2 2355
   2 2350
   2 2340
   2 2330
   2 2326
   2 232
   2 2315
   2 2314
   2 231
   2 230
   2 2293
   2 2281
   2 2278
   2 2274
   2 2249
   2 2244
   2 224
   2 2238
   2 2228
   2 2222
   2 2209
   2 2207
   2 2201
   2 2197
   2 2155
   2 2147
   2 2137
   2 2115
   2 210
   2 2087
   2 206
   2 2049
   2 2030
   2 2018
   2 200
   2 1967
   2 1946
   2 194
   2 193
   2 1918
   2 1913
   2 1903
   2 1882
   2 188
   2 186
   2 1849
   2 1823
   2 1816
   2 1795
   2 176
   2 1749
   2 1742
   2 174
   2 1721
   2 172
   2 1711
   2 170
   2 17
   2 1698
   2 1688
   2 1678
   2 1673
   2 1663
   2 166
   2 1658
   2 1656
   2 1650
   2 1646
   2 1631
   2 163
   2 1627
   2 1621
   2 1617
   2 1603
   2 160
   2 15813
   2 15750
   2 1563
   2 155
   2 1546
   2 15233
   2 150
   2 1485
   2 145
   2 144
   2 1412
   2 140
   2 139
   2 1360
   2 1351
   2 135
   2 134
   2 13382
   2 1310
   2 1307
   2 130
   2 1293
   2 1291
   2 1285
   2 1269
   2 1256
   2 122
   2 1212
   2 1196
   2 1164
   2 116
   2 11593
   2 115
   2 113
   2 1125
   2 112
   2 1115
   2 1108
   2 1095
   2 1082
   2 1077
   2 1074
   2 1073
   2 1060
   2 106
   2 1059
   2 1051
   2 1049
   2 1047
   2 1041
   2 1040
   2 1027
   2 1025
   2 1020
   2 1016
   2 10069
   2 100
   1 9988
   1 998
   1 995
   1 9920
   1 992
   1 991
   1 9889
   1 9870
   1 986
   1 9850
   1 984
   1 9825
   1 982
   1 978
   1 977
   1 976
   1 975
   1 9732
   1 9710
   1 971
   1 9660
   1 963
   1 9620
   1 9613
   1 9612
   1 961
   1 9598
   1 959
   1 9570
   1 956
   1 9500
   1 9499
   1 9467
   1 9434
   1 9419
   1 9413
   1 94
   1 9385
   1 9382
   1 938
   1 9351
   1 9311
   1 931
   1 930
   1 93
   1 929
   1 9289
   1 9279
   1 927
   1 925
   1 924
   1 9233
   1 9225
   1 92
   1 9196
   1 9195
   1 916
   1 915
   1 9147
   1 9137
   1 9123
   1 9112
   1 910
   1 906
   1 9054
   1 902
   1 9015
   1 8965
   1 896
   1 893
   1 891
   1 8892
   1 888
   1 8870
   1 8868
   1 884
   1 8821
   1 881
   1 880
   1 8797
   1 8760
   1 875
   1 8718
   1 871
   1 870
   1 87
   1 869
   1 8649
   1 863
   1 8619
   1 8608
   1 8603
   1 860
   1 8578
   1 8577
   1 8562
   1 8546
   1 8540
   1 854
   1 853
   1 8518
   1 851
   1 850
   1 8471
   1 847
   1 846
   1 845
   1 8433
   1 843
   1 8426
   1 840
   1 84
   1 839
   1 8383
   1 838
   1 8371
   1 8363
   1 8358
   1 8354
   1 8353
   1 8348
   1 8343
   1 834
   1 8338
   1 8333
   1 8328
   1 8323
   1 8318
   1 8313
   1 8300
   1 8289
   1 8284
   1 8279
   1 8270
   1 826
   1 8257
   1 8242
   1 8237
   1 8232
   1 8227
   1 8223
   1 8219
   1 8215
   1 821
   1 82
   1 8199
   1 8189
   1 8163
   1 816
   1 8148
   1 8144
   1 814
   1 8117
   1 809
   1 8081
   1 8076
   1 8069
   1 8048
   1 8041
   1 8034
   1 803
   1 8027
   1 802
   1 8014
   1 8008
   1 8006
   1 8002
   1 7981
   1 797
   1 7965
   1 796
   1 7959
   1 7952
   1 7945
   1 7938
   1 7931
   1 793
   1 7928
   1 7924
   1 7917
   1 7910
   1 7904
   1 7901
   1 79
   1 782
   1 7810
   1 780
   1 7784
   1 7770
   1 777
   1 776
   1 7748
   1 7731
   1 773
   1 772
   1 771
   1 77
   1 769
   1 768
   1 766
   1 7651
   1 7644
   1 7630
   1 760
   1 7560
   1 756
   1 7557
   1 7553
   1 755
   1 7533
   1 7528
   1 751
   1 7509
   1 7506
   1 750
   1 75
   1 7499
   1 7471
   1 7468
   1 7465
   1 746
   1 745
   1 742
   1 7405
   1 74
   1 7395
   1 7392
   1 739
   1 7385
   1 7380
   1 7375
   1 7371
   1 737
   1 7366
   1 7363
   1 7361
   1 736
   1 7356
   1 7352
   1 735
   1 7348
   1 7346
   1 7343
   1 734
   1 7338
   1 7334
   1 7330
   1 733
   1 7321
   1 7313
   1 7311
   1 731
   1 7308
   1 728
   1 7272
   1 727
   1 7269
   1 726
   1 7253
   1 725
   1 7230
   1 7225
   1 7201
   1 719
   1 7189
   1 7182
   1 7180
   1 7161
   1 7157
   1 7153
   1 7148
   1 7143
   1 7138
   1 7134
   1 7133
   1 7129
   1 7121
   1 712
   1 7116
   1 7111
   1 7100
   1 71
   1 7095
   1 7090
   1 7085
   1 7080
   1 708
   1 7071
   1 7067
   1 7061
   1 7056
   1 7051
   1 705
   1 7046
   1 704
   1 7037
   1 7033
   1 7032
   1 703
   1 7025
   1 7022
   1 702
   1 7004
   1 7003
   1 6990
   1 6986
   1 698
   1 6979
   1 6973
   1 697
   1 6964
   1 6957
   1 6955
   1 6954
   1 695
   1 6948
   1 6946
   1 6930
   1 693
   1 692
   1 691
   1 690
   1 69
   1 6897
   1 6882
   1 688
   1 6873
   1 6868
   1 6856
   1 6846
   1 684
   1 6835
   1 6824
   1 6814
   1 6800
   1 680
   1 68
   1 6792
   1 6780
   1 678
   1 6766
   1 6737
   1 673
   1 6713
   1 6711
   1 6704
   1 6703
   1 6700
   1 67
   1 6686
   1 6684
   1 668
   1 6671
   1 6666
   1 6660
   1 666
   1 665
   1 6628
   1 6622
   1 6620
   1 662
   1 6618
   1 6616
   1 6612
   1 6607
   1 6605
   1 66
   1 6599
   1 6595
   1 657
   1 6569
   1 6556
   1 6551
   1 655
   1 6545
   1 654
   1 6539
   1 6534
   1 6515
   1 6503
   1 650
   1 6495
   1 6491
   1 6485
   1 6484
   1 6482
   1 6473
   1 647
   1 6468
   1 6459
   1 6449
   1 6440
   1 6429
   1 6417
   1 641
   1 6399
   1 638
   1 6374
   1 637
   1 6357
   1 6354
   1 6343
   1 634
   1 6327
   1 6321
   1 6311
   1 6289
   1 6288
   1 6287
   1 6274
   1 627
   1 6263
   1 6261
   1 6257
   1 625
   1 6249
   1 6242
   1 6231
   1 622
   1 6213
   1 6210
   1 6200
   1 6198
   1 6197
   1 619
   1 6186
   1 6171
   1 617
   1 616
   1 6159
   1 6157
   1 6154
   1 6150
   1 6142
   1 614
   1 6131
   1 6127
   1 6113
   1 611
   1 6096
   1 607
   1 6064
   1 606
   1 6055
   1 6050
   1 604
   1 6032
   1 6026
   1 6005
   1 600
   1 599
   1 5973
   1 597
   1 5958
   1 5952
   1 595
   1 594
   1 5936
   1 5916
   1 5914
   1 5907
   1 5905
   1 59
   1 5896
   1 5863
   1 5854
   1 5849
   1 5838
   1 5830
   1 583
   1 582
   1 5811
   1 581
   1 5806
   1 580
   1 5788
   1 5780
   1 578
   1 5766
   1 5755
   1 5753
   1 574
   1 5723
   1 5713
   1 5712
   1 571
   1 57
   1 569
   1 5686
   1 568
   1 5674
   1 5659
   1 5653
   1 5645
   1 5633
   1 5627
   1 5624
   1 562
   1 5616
   1 5613
   1 5611
   1 5609
   1 5604
   1 5600
   1 560
   1 5594
   1 5590
   1 559
   1 556
   1 5557
   1 5550
   1 5545
   1 553
   1 5516
   1 5491
   1 549
   1 5487
   1 545
   1 5446
   1 5414
   1 5407
   1 54
   1 5380
   1 5376
   1 537
   1 5361
   1 5353
   1 535
   1 533
   1 532
   1 5313
   1 530
   1 528
   1 5275
   1 5274
   1 5271
   1 527
   1 5261
   1 525
   1 5229
   1 5228
   1 5225
   1 5223
   1 5218
   1 5210
   1 5207
   1 5200
   1 520
   1 5187
   1 5185
   1 5180
   1 5175
   1 5173
   1 5172
   1 5170
   1 517
   1 5168
   1 5165
   1 5161
   1 5160
   1 516
   1 5156
   1 5155
   1 5150
   1 5149
   1 5145
   1 5140
   1 514
   1 5137
   1 5135
   1 513
   1 5127
   1 5126
   1 5123
   1 512
   1 5111
   1 5106
   1 5105
   1 5101
   1 510
   1 5097
   1 5093
   1 5087
   1 5085
   1 5084
   1 5082
   1 5079
   1 5074
   1 5072
   1 5067
   1 5064
   1 5063
   1 5062
   1 5060
   1 5057
   1 5056
   1 5053
   1 5051
   1 505
   1 5047
   1 5042
   1 5033
   1 5027
   1 5023
   1 5021
   1 502
   1 5018
   1 5010
   1 5004
   1 4993
   1 4991
   1 4989
   1 4983
   1 498
   1 4976
   1 4975
   1 4971
   1 4966
   1 4963
   1 4961
   1 496
   1 4957
   1 4956
   1 4949
   1 4944
   1 494
   1 4929
   1 4924
   1 4923
   1 492
   1 4900
   1 490
   1 49
   1 489
   1 4888
   1 4883
   1 4876
   1 4874
   1 486
   1 4859
   1 4855
   1 4841
   1 484
   1 4837
   1 4822
   1 4818
   1 4811
   1 4810
   1 481
   1 480
   1 4796
   1 4781
   1 4770
   1 477
   1 4756
   1 4749
   1 4740
   1 473
   1 4725
   1 472
   1 4717
   1 4702
   1 4697
   1 4684
   1 4675
   1 466
   1 465
   1 4646
   1 4644
   1 464
   1 4636
   1 4629
   1 4628
   1 4623
   1 4620
   1 462
   1 4615
   1 461
   1 4607
   1 46
   1 4598
   1 4588
   1 4580
   1 4579
   1 4577
   1 4575
   1 4571
   1 4570
   1 457
   1 4565
   1 4561
   1 4560
   1 4552
   1 455
   1 454
   1 4538
   1 4536
   1 4533
   1 453
   1 4528
   1 4523
   1 4519
   1 4516
   1 4515
   1 451
   1 4509
   1 4505
   1 4503
   1 4501
   1 45
   1 4499
   1 4498
   1 4494
   1 4490
   1 449
   1 4489
   1 4484
   1 4481
   1 4473
   1 4464
   1 446
   1 4459
   1 4454
   1 4453
   1 4450
   1 4446
   1 4443
   1 444
   1 4438
   1 4433
   1 4427
   1 4422
   1 442
   1 4417
   1 4412
   1 4407
   1 4402
   1 440
   1 4398
   1 4394
   1 4388
   1 4383
   1 438
   1 4373
   1 4368
   1 4367
   1 4364
   1 4363
   1 4360
   1 434
   1 4325
   1 432
   1 4301
   1 43
   1 4298
   1 429
   1 4283
   1 428
   1 4279
   1 4278
   1 4265
   1 426
   1 4234
   1 4232
   1 422
   1 4218
   1 421
   1 4205
   1 4201
   1 42
   1 4198
   1 4195
   1 4193
   1 419
   1 4182
   1 4181
   1 4172
   1 4170
   1 417
   1 4164
   1 4161
   1 4159
   1 4157
   1 4152
   1 4149
   1 4145
   1 4144
   1 4139
   1 413
   1 4129
   1 4123
   1 4121
   1 412
   1 4118
   1 4115
   1 4111
   1 41
   1 4092
   1 4090
   1 4085
   1 4084
   1 4079
   1 4075
   1 4074
   1 4069
   1 4065
   1 4064
   1 4060
   1 4059
   1 4054
   1 4049
   1 4047
   1 4046
   1 4043
   1 4038
   1 4037
   1 4032
   1 4030
   1 403
   1 4025
   1 4024
   1 4020
   1 4017
   1 4011
   1 4010
   1 401
   1 4005
   1 4001
   1 400
   1 3999
   1 3998
   1 3997
   1 399
   1 3981
   1 3977
   1 3966
   1 3963
   1 3962
   1 3956
   1 3954
   1 3951
   1 3949
   1 3947
   1 3946
   1 3941
   1 3937
   1 3933
   1 3929
   1 392
   1 3919
   1 3914
   1 3913
   1 3912
   1 3910
   1 3905
   1 3901
   1 390
   1 3895
   1 3882
   1 388
   1 3873
   1 3862
   1 385
   1 3848
   1 3844
   1 384
   1 3831
   1 3822
   1 382
   1 3812
   1 381
   1 3804
   1 3795
   1 3792
   1 3778
   1 377
   1 3747
   1 374
   1 3734
   1 373
   1 3724
   1 3721
   1 3716
   1 3710
   1 371
   1 3703
   1 37
   1 3689
   1 3682
   1 368
   1 3676
   1 367
   1 366
   1 365
   1 3641
   1 3635
   1 3633
   1 3625
   1 3622
   1 3606
   1 3590
   1 3585
   1 3567
   1 356
   1 3546
   1 3539
   1 3528
   1 352
   1 3515
   1 351
   1 3501
   1 3500
   1 3484
   1 3481
   1 3473
   1 347
   1 3468
   1 3454
   1 3449
   1 3446
   1 3442
   1 344
   1 3435
   1 343
   1 3424
   1 342
   1 3413
   1 3405
   1 3400
   1 34
   1 3393
   1 3383
   1 3381
   1 338
   1 337
   1 3369
   1 3361
   1 3346
   1 3345
   1 333
   1 3326
   1 332
   1 3319
   1 3314
   1 331
   1 3306
   1 3305
   1 329
   1 3284
   1 3282
   1 3271
   1 3264
   1 3263
   1 3262
   1 326
   1 3257
   1 3256
   1 3252
   1 3251
   1 3250
   1 325
   1 3246
   1 3245
   1 3241
   1 3236
   1 323
   1 3229
   1 3227
   1 3223
   1 322
   1 3218
   1 3217
   1 3208
   1 3192
   1 319
   1 3187
   1 318
   1 3178
   1 3173
   1 3159
   1 3153
   1 3152
   1 3148
   1 3143
   1 3138
   1 3134
   1 3130
   1 3126
   1 3098
   1 3096
   1 3088
   1 3085
   1 3083
   1 3081
   1 3077
   1 3075
   1 3065
   1 3050
   1 3049
   1 3048
   1 3044
   1 302
   1 30146
   1 301
   1 300
   1 30
   1 3
   1 2997
   1 29932
   1 2990
   1 299
   1 29888
   1 29848
   1 2983
   1 2982
   1 29812
   1 2979
   1 2974
   1 29736
   1 297
   1 2969
   1 2963
   1 296
   1 2959
   1 2958
   1 29534
   1 29522
   1 2943
   1 29410
   1 29404
   1 294
   1 2935
   1 2929
   1 2926
   1 2924
   1 29224
   1 2922
   1 29217
   1 2921
   1 2918
   1 2906
   1 2905
   1 2902
   1 2900
   1 28983
   1 28919
   1 2891
   1 28897
   1 2886
   1 2884
   1 28827
   1 288
   1 28784
   1 2877
   1 28758
   1 2875
   1 2862
   1 2860
   1 286
   1 28576
   1 28545
   1 2852
   1 2844
   1 284
   1 28378
   1 2836
   1 2834
   1 2831
   1 283
   1 2826
   1 2824
   1 28236
   1 2821
   1 282
   1 2816
   1 2814
   1 28133
   1 2811
   1 281
   1 2806
   1 2805
   1 2804
   1 2801
   1 27892
   1 2789
   1 2787
   1 2776
   1 2775
   1 2771
   1 2770
   1 27667
   1 2765
   1 27647
   1 276
   1 2758
   1 2755
   1 27531
   1 27511
   1 2751
   1 27443
   1 2730
   1 2729
   1 27285
   1 2727
   1 2722
   1 272
   1 2717
   1 2715
   1 271
   1 2709
   1 2708
   1 2706
   1 2701
   1 2700
   1 2697
   1 2690
   1 2689
   1 2682
   1 2681
   1 2674
   1 2673
   1 2672
   1 2663
   1 2661
   1 2660
   1 266
   1 26596
   1 2657
   1 2655
   1 2654
   1 2653
   1 2652
   1 2650
   1 265
   1 26493
   1 2647
   1 2645
   1 26409
   1 2640
   1 26360
   1 2630
   1 2625
   1 2624
   1 262
   1 2619
   1 2616
   1 26150
   1 2615
   1 2611
   1 26033
   1 2603
   1 26018
   1 26
   1 2597
   1 25955
   1 2595
   1 25935
   1 2592
   1 25871
   1 2587
   1 2582
   1 2581
   1 2580
   1 25781
   1 2575
   1 2574
   1 2568
   1 2563
   1 256
   1 2559
   1 2557
   1 25551
   1 2554
   1 2552
   1 2549
   1 2548
   1 25433
   1 25424
   1 2542
   1 2541
   1 254
   1 2537
   1 25341
   1 25317
   1 25277
   1 2527
   1 2525
   1 2523
   1 25226
   1 25214
   1 25188
   1 2517
   1 2515
   1 2513
   1 2512
   1 2510
   1 2505
   1 2502
   1 2500
   1 25
   1 2497
   1 2496
   1 2492
   1 2491
   1 249
   1 24882
   1 2482
   1 2481
   1 2477
   1 2472
   1 24709
   1 247
   1 2465
   1 24604
   1 2460
   1 246
   1 2458
   1 24558
   1 2455
   1 2453
   1 2450
   1 245
   1 2448
   1 2445
   1 2443
   1 2438
   1 2434
   1 2433
   1 2431
   1 24290
   1 2428
   1 2424
   1 2422
   1 2420
   1 242
   1 24173
   1 2417
   1 2413
   1 2412
   1 2408
   1 24067
   1 2406
   1 2404
   1 2402
   1 2401
   1 2400
   1 240
   1 2398
   1 2396
   1 2395
   1 2393
   1 2392
   1 23910
   1 2391
   1 239
   1 2380
   1 2379
   1 2376
   1 23668
   1 2366
   1 2359
   1 23568
   1 2356
   1 2352
   1 235
   1 23479
   1 2347
   1 2345
   1 2344
   1 2342
   1 23418
   1 234
   1 2338
   1 23293
   1 2325
   1 2323
   1 2321
   1 2320
   1 2318
   1 23176
   1 2317
   1 2310
   1 2308
   1 2305
   1 23034
   1 2303
   1 2300
   1 2294
   1 2292
   1 2291
   1 229
   1 2288
   1 2283
   1 2276
   1 2271
   1 2270
   1 227
   1 22693
   1 2268
   1 2267
   1 2266
   1 2263
   1 2262
   1 2258
   1 22561
   1 2256
   1 22538
   1 2251
   1 22505
   1 225
   1 2245
   1 2241
   1 2235
   1 22343
   1 2234
   1 2232
   1 2231
   1 2230
   1 223
   1 22262
   1 2225
   1 222
   1 22197
   1 22180
   1 2217
   1 2216
   1 2213
   1 221
   1 2206
   1 2204
   1 2202
   1 22008
   1 220
   1 2196
   1 21937
   1 2192
   1 2190
   1 2189
   1 2188
   1 2187
   1 21841
   1 2184
   1 21825
   1 2181
   1 21804
   1 218
   1 2175
   1 2172
   1 2171
   1 217
   1 2167
   1 2164
   1 21625
   1 2162
   1 2154
   1 2153
   1 21492
   1 21485
   1 2145
   1 21441
   1 2142
   1 2140
   1 214
   1 2139
   1 21383
   1 2138
   1 2136
   1 2133
   1 2129
   1 2128
   1 21273
   1 2125
   1 2124
   1 2123
   1 212
   1 21179
   1 2116
   1 21100
   1 211
   1 2108
   1 2107
   1 2099
   1 2098
   1 20947
   1 2094
   1 2092
   1 2090
   1 20871
   1 2081
   1 20792
   1 2079
   1 2078
   1 2076
   1 2074
   1 2071
   1 2069
   1 20646
   1 20556
   1 2055
   1 2050
   1 2042
   1 20393
   1 20372
   1 203
   1 2029
   1 20287
   1 2027
   1 20218
   1 2015
   1 20140
   1 2011
   1 201
   1 2008
   1 2007
   1 2005
   1 2003
   1 20013
   1 2000
   1 1998
   1 19910
   1 1986
   1 1984
   1 19833
   1 1983
   1 1981
   1 1980
   1 1974
   1 1973
   1 1971
   1 19700
   1 1970
   1 197
   1 1969
   1 1968
   1 19679
   1 196
   1 1954
   1 19518
   1 1950
   1 195
   1 1944
   1 19408
   1 1938
   1 1937
   1 19328
   1 1930
   1 19289
   1 1927
   1 1924
   1 19202
   1 1920
   1 1919
   1 1916
   1 1912
   1 191
   1 1908
   1 1907
   1 19065
   1 1905
   1 1902
   1 1898
   1 1894
   1 18927
   1 189
   1 18885
   1 1887
   1 18853
   1 1883
   1 18808
   1 18805
   1 1877
   1 18749
   1 1873
   1 18728
   1 1872
   1 1871
   1 1863
   1 1861
   1 1859
   1 18575
   1 1852
   1 1851
   1 185
   1 18495
   1 18482
   1 1848
   1 18476
   1 1847
   1 1846
   1 18450
   1 1845
   1 18442
   1 1844
   1 1842
   1 18417
   1 18410
   1 1840
   1 18372
   1 18331
   1 1833
   1 18324
   1 183
   1 18248
   1 1824
   1 1822
   1 182
   1 18176
   1 1814
   1 1812
   1 1811
   1 1809
   1 18077
   1 18058
   1 18048
   1 1804
   1 1800
   1 180
   1 1799
   1 1798
   1 17955
   1 17942
   1 1794
   1 17935
   1 1793
   1 1792
   1 1787
   1 17853
   1 17850
   1 17823
   1 1782
   1 17815
   1 17799
   1 1779
   1 1777
   1 1776
   1 17730
   1 1772
   1 177
   1 1768
   1 1766
   1 1765
   1 17618
   1 1761
   1 1760
   1 1759
   1 1758
   1 1756
   1 1755
   1 17537
   1 17522
   1 1751
   1 175
   1 1747
   1 1745
   1 17419
   1 17407
   1 17398
   1 17387
   1 17384
   1 17339
   1 1731
   1 1730
   1 1729
   1 1728
   1 17245
   1 17231
   1 17225
   1 17202
   1 1720
   1 17196
   1 1719
   1 17176
   1 1716
   1 1715
   1 1713
   1 1712
   1 17103
   1 171
   1 17096
   1 1709
   1 1707
   1 17055
   1 1703
   1 1699
   1 1693
   1 16912
   1 1689
   1 16836
   1 1683
   1 16828
   1 16827
   1 168
   1 16784
   1 16761
   1 1675
   1 16701
   1 1670
   1 167
   1 16687
   1 16666
   1 16600
   1 16593
   1 1657
   1 16559
   1 1654
   1 1653
   1 16521
   1 16511
   1 16510
   1 1651
   1 165
   1 1648
   1 1647
   1 1642
   1 1641
   1 164
   1 1639
   1 1637
   1 16361
   1 1632
   1 1629
   1 16257
   1 16253
   1 1625
   1 16215
   1 1620
   1 16175
   1 1616
   1 1614
   1 16124
   1 1612
   1 1610
   1 1608
   1 16014
   1 15995
   1 1599
   1 15980
   1 1598
   1 15970
   1 1596
   1 15941
   1 15903
   1 15895
   1 15890
   1 1589
   1 15885
   1 15880
   1 1588
   1 15875
   1 15870
   1 15865
   1 15863
   1 15860
   1 15850
   1 15845
   1 15839
   1 15830
   1 15828
   1 15823
   1 15822
   1 15818
   1 158
   1 15790
   1 1577
   1 15769
   1 15762
   1 1576
   1 15755
   1 15731
   1 15729
   1 15726
   1 15721
   1 15712
   1 15699
   1 15684
   1 1568
   1 15679
   1 15674
   1 15669
   1 15665
   1 15661
   1 15657
   1 15653
   1 15620
   1 15614
   1 1561
   1 1560
   1 156
   1 1559
   1 1556
   1 1551
   1 1550
   1 1549
   1 1543
   1 1542
   1 1541
   1 1540
   1 15397
   1 15383
   1 1534
   1 15330
   1 1532
   1 1531
   1 1529
   1 15264
   1 1524
   1 15205
   1 15202
   1 1520
   1 15192
   1 15190
   1 1517
   1 1513
   1 151
   1 15084
   1 1508
   1 15061
   1 15058
   1 15049
   1 1504
   1 1497
   1 1495
   1 14937
   1 14935
   1 1493
   1 14928
   1 14923
   1 1492
   1 1489
   1 1480
   1 148
   1 14791
   1 14790
   1 1478
   1 1477
   1 1475
   1 1473
   1 1469
   1 14665
   1 14658
   1 14642
   1 1464
   1 1463
   1 14629
   1 1460
   1 14582
   1 14567
   1 14566
   1 14563
   1 14548
   1 14541
   1 1454
   1 14533
   1 1451
   1 14487
   1 14486
   1 14484
   1 14459
   1 14423
   1 14415
   1 14400
   1 1434
   1 14308
   1 143
   1 1428
   1 14272
   1 14226
   1 142
   1 14191
   1 14184
   1 1416
   1 14156
   1 14132
   1 14116
   1 14103
   1 14087
   1 1408
   1 14060
   1 14036
   1 1403
   1 13994
   1 13983
   1 1397
   1 1392
   1 13895
   1 13842
   1 1384
   1 13771
   1 1377
   1 1375
   1 13720
   1 1371
   1 13675
   1 13651
   1 13638
   1 1361
   1 13607
   1 13601
   1 1359
   1 1357
   1 13553
   1 13509
   1 13499
   1 1349
   1 13460
   1 13439
   1 13436
   1 13432
   1 13426
   1 1341
   1 13405
   1 1337
   1 1335
   1 13326
   1 13315
   1 1331
   1 133
   1 13292
   1 13251
   1 1325
   1 13245
   1 13220
   1 1322
   1 1320
   1 132
   1 1319
   1 13180
   1 1318
   1 13165
   1 1315
   1 13134
   1 1313
   1 131
   1 13088
   1 13080
   1 1308
   1 1306
   1 13041
   1 1300
   1 13
   1 1298
   1 1296
   1 1295
   1 12923
   1 12905
   1 1288
   1 1286
   1 12843
   1 12808
   1 128
   1 1279
   1 12781
   1 1278
   1 1273
   1 1271
   1 12707
   1 1270
   1 12677
   1 12664
   1 12653
   1 1265
   1 12640
   1 1264
   1 1262
   1 12618
   1 1261
   1 1260
   1 1259
   1 12564
   1 1252
   1 1251
   1 1250
   1 1244
   1 12417
   1 1238
   1 12378
   1 12351
   1 1233
   1 1230
   1 123
   1 1228
   1 12269
   1 1226
   1 1225
   1 1223
   1 1221
   1 12192
   1 1219
   1 1216
   1 12134
   1 12128
   1 12115
   1 121
   1 1208
   1 12073
   1 1200
   1 11986
   1 1198
   1 11957
   1 119
   1 1188
   1 11873
   1 1184
   1 11804
   1 1180
   1 1178
   1 11779
   1 11776
   1 1177
   1 11761
   1 11759
   1 1174
   1 11723
   1 11710
   1 1170
   1 117
   1 1169
   1 11631
   1 11625
   1 11622
   1 1162
   1 1161
   1 11589
   1 11579
   1 11575
   1 11555
   1 1155
   1 11549
   1 1153
   1 11492
   1 1148
   1 1145
   1 1144
   1 1139
   1 1137
   1 1136
   1 1134
   1 11320
   1 11314
   1 11312
   1 11304
   1 11296
   1 1129
   1 11286
   1 11230
   1 1122
   1 1120
   1 1119
   1 1117
   1 11148
   1 11132
   1 111
   1 11088
   1 1107
   1 11061
   1 11055
   1 11035
   1 1102
   1 110
   1 10994
   1 10990
   1 1099
   1 10964
   1 1096
   1 1094
   1 10939
   1 1093
   1 10871
   1 1087
   1 1086
   1 10857
   1 1085
   1 10826
   1 10825
   1 10784
   1 1078
   1 10695
   1 10666
   1 1063
   1 1062
   1 1058
   1 1055
   1 1054
   1 10508
   1 10490
   1 1048
   1 10475
   1 1046
   1 10448
   1 1043
   1 10415
   1 10413
   1 104
   1 1038
   1 1037
   1 10365
   1 10347
   1 1032
   1 1030
   1 103
   1 10264
   1 1026
   1 1021
   1 10195
   1 10104
   1 1010
   1 101
   1 10099
   1 10092
   1 1008
   1 10076
   1 10056
